image: /home/pi/Downloads/mymap820.pgm
resolution: 0.050000
origin: [-12.645183, -35.803149, 0.0]
negate: 0
occupied_thresh: 0.65
free_thresh: 0.196
