image: /home/pi/Downloads/mymap821.pgm
resolution: 0.050000
origin: [-35.473685, -7.169633, 0.0]
negate: 0
occupied_thresh: 0.65
free_thresh: 0.196
