image: /home/dennis/Downloads/mymap20.pgm
resolution: 0.050000
origin: [-11.728030, -11.466383, 0.0]
negate: 0
occupied_thresh: 0.65
free_thresh: 0.196
