image: /home/dennis/Downloads/mymap666.pgm
resolution: 0.050000
origin: [-16.082321, -12.263682, 0.0]
negate: 0
occupied_thresh: 0.65
free_thresh: 0.196
