image: /home/dennis/Downloads/mymap25.pgm
resolution: 0.050000
origin: [-11.136771, -11.649901, 0.0]
negate: 0
occupied_thresh: 0.65
free_thresh: 0.196
