image: /home/dennis/Downloads/mymap26.pgm
resolution: 0.050000
origin: [-12.527155, -13.051691, 0.0]
negate: 0
occupied_thresh: 0.65
free_thresh: 0.196
